THERMO ALL
   200.000  1000.000  5000.000
!SUBMITTED TO FUEL
!100 SPECIES AND 432 REACTIONS
THERMO ALL
  300.000  1000.000  5000.000
C12H26            -THERMH  26C  12          G     300.0    5000.0  1391.0      1
   3.85095037E1  5.63550048E-2   -1.914932E-5  2.96024862E-9 -1.7124415E-13    2
  -5.48843465E4  -1.72670922E2  -2.62181594E0  1.47237711E-1 -9.43970271E-5    3
  3.07441268E-8 -4.0360223E-12  -4.00654253E4   5.00994626E1                   4
O2                121386O   2               G     300.0    5000.0  1000.0      1
     3.697578E0    6.135197E-4   -1.258842E-7   1.775281E-11  -1.136435E-15    2
     -1.23393E3     3.189166E0     3.212936E0    1.127486E-3    -5.75615E-7    3
    1.313877E-9  -8.768554E-13    -1.005249E3     6.034738E0                   4
N2                121286N   2               G     300.0    5000.0  1000.0      1
      2.92664E0    1.487977E-3   -5.684761E-7   1.009704E-10  -6.753351E-15    2
    -9.227977E2     5.980528E0     3.298677E0     1.40824E-3   -3.963222E-6    3
    5.641515E-9  -2.444855E-12      -1.0209E3     3.950372E0                   4
CO2               121286O   2C   1          G     300.0    5000.0  1000.0      1
     4.453623E0    3.140169E-3   -1.278411E-6   2.393997E-10  -1.669033E-14    2
    -4.896696E4   -9.553959E-1     2.275725E0    9.922072E-3   -1.040911E-5    3
    6.866687E-9   -2.11728E-12    -4.837314E4     1.018849E1                   4
H2O               -20387H   2O   1          G     300.0    5000.0  1000.0      1
     2.672146E0    3.056293E-3    -8.73026E-7   1.200996E-10  -6.391618E-15    2
    -2.989921E4     6.862817E0     3.386842E0    3.474982E-3   -6.354696E-6    3
    6.968581E-9  -2.506588E-12    -3.020811E4     2.590233E0                   4
CO                121286O   1C   1          G     300.0    5000.0  1000.0      1
     3.025078E0    1.442689E-3   -5.630828E-7   1.018581E-10  -6.910952E-15    2
    -1.426835E4     6.108218E0     3.262452E0    1.511941E-3   -3.881755E-6    3
    5.581944E-9  -2.474951E-12    -1.431054E4     4.848897E0                   4
H2                121286H   2               G     300.0    5000.0  1000.0      1
     2.991423E0    7.000644E-4   -5.633829E-8  -9.231578E-12   1.582752E-15    2
     -8.35034E2     -1.35511E0     3.298124E0    8.249442E-4   -8.143015E-7    3
  -9.475434E-11   4.134872E-13    -1.012521E3    -3.294094E0                   4
OH                -THERMH   1O   1          G     300.0    5000.0  1357.0      1
   2.62599754E0  1.31992406E-3  -3.5972467E-7   4.256308E-11-1.82048016E-15    2
   4.12085374E3   7.10667307E0   3.43586219E0  2.02235804E-4 -1.13546412E-7    3
 2.42445149E-10-7.43651031E-14   3.74321252E3   2.45014127E0                   4
H2O2              120186H   2O   2          G     300.0    5000.0  1000.0      1
     4.573167E0    4.336136E-3   -1.474689E-6   2.348904E-10  -1.431654E-14    2
    -1.800696E4     5.01137E-1     3.388754E0    6.569226E-3   -1.485013E-7    3
   -4.625806E-9   2.471515E-12    -1.766315E4     6.785363E0                   4
HO2               -THERMH   1O   2          G     300.0    5000.0  1390.0      1
   4.10547423E0  2.38452835E-3 -8.06347989E-7 1.24191723E-10-7.16400108E-15    2
   3.98127689E2   3.12515836E0   3.18310656E0   3.6676795E-3 -9.32385122E-7    3
-3.25852919E-10 1.51139912E-13   8.09181013E2   8.39371099E0                   4
H                 120186H   1               G     300.0    5000.0  1000.0      1
          2.5E0          0.0E0          0.0E0          0.0E0          0.0E0    2
     2.547163E4   -4.601176E-1          2.5E0          0.0E0          0.0E0    3
          0.0E0          0.0E0     2.547163E4   -4.601176E-1                   4
O                 120186O   1               G     300.0    5000.0  1000.0      1
      2.54206E0   -2.755062E-5   -3.102803E-9   4.551067E-12  -4.368052E-16    2
      2.92308E4     4.920308E0     2.946429E0   -1.638166E-3    2.421032E-6    3
   -1.602843E-9   3.890696E-13     2.914764E4     2.963995E0                   4
CH3O              121686H   3O   1C   1     G     300.0    3000.0  1000.0      1
       3.7708E0    7.871497E-3   -2.656384E-6   3.944431E-10  -2.112616E-14    2
     1.278325E2     2.929575E0     2.106204E0    7.216595E-3    5.338472E-6    3
   -7.377636E-9   2.075611E-12     9.786011E2     1.315218E1                   4
CH2O              121286H   2O   1C   1     G     300.0    5000.0  1000.0      1
     2.995606E0    6.681321E-3   -2.628955E-6   4.737153E-10  -3.212517E-14    2
    -1.532037E4     6.912572E0     1.652731E0    1.263144E-2   -1.888168E-5    3
    2.050031E-8  -8.413237E-12     -1.48654E4     1.378482E1                   4
HCO               121286H   1O   1C   1     G     300.0    5000.0  1000.0      1
     3.557271E0    3.345573E-3   -1.335006E-6   2.470573E-10  -1.713851E-14    2
     3.916324E3     5.552299E0      2.89833E0    6.199147E-3   -9.623084E-6    3
    1.089825E-8  -4.574885E-12     4.159922E3     8.983614E0                   4
CH2               120186H   2C   1          G     250.0    4000.0  1000.0      1
     3.636408E0    1.933057E-3   -1.687016E-7  -1.009899E-10   1.808256E-14    2
     4.534134E4     2.156561E0     3.762237E0    1.159819E-3    2.489585E-7    3
   8.800836E-10  -7.332435E-13     4.536791E4     1.712578E0                   4
CH3               121286H   3C   1          G     300.0    5000.0  1000.0      1
     2.844052E0    6.137974E-3   -2.230345E-6   3.785161E-10  -2.452159E-14    2
     1.643781E4     5.452697E0     2.430443E0     1.11241E-2    -1.68022E-5    3
    1.621829E-8  -5.864953E-12     1.642378E4     6.789794E0                   4
CH4               121286H   4C   1          G     300.0    5000.0  1000.0      1
     1.683479E0    1.023724E-2   -3.875129E-6   6.785585E-10  -4.503423E-14    2
    -1.008079E4     9.623395E0    7.787415E-1    1.747668E-2   -2.783409E-5    3
    3.049708E-8  -1.223931E-11    -9.825229E3     1.372219E1                   4
C2H2              121386H   2C   2          G     300.0    5000.0  1000.0      1
      4.43677E0    5.376039E-3   -1.912817E-6   3.286379E-10   -2.15671E-14    2
     2.566766E4    -2.800338E0     2.013562E0    1.519045E-2   -1.616319E-5    3
    9.078992E-9  -1.912746E-12     2.612444E4     8.805378E0                   4
C2H3              -12787H   3C   2          G     300.0    5000.0  1000.0      1
     5.933468E0    4.017746E-3    -3.96674E-7  -1.441267E-10   2.378644E-14    2
     3.185435E4    -8.530313E0     2.459276E0    7.371476E-3    2.109873E-6    3
   -1.321642E-9  -1.184784E-12     3.335225E4      1.15562E1                   4
C2H4              121286H   4C   2          G     300.0    5000.0  1000.0      1
     3.528419E0    1.148518E-2   -4.418385E-6   7.844601E-10  -5.266848E-14    2
     4.428289E3     2.230389E0    -8.61488E-1    2.796163E-2   -3.388677E-5    3
    2.785152E-8  -9.737879E-12     5.573046E3     2.421149E1                   4
C2H5              -12387H   5C   2          G     300.0    5000.0  1000.0      1
      7.19048E0    6.484077E-3   -6.428065E-7  -2.347879E-10   3.880877E-14    2
     1.067455E4    -1.478089E1     2.690702E0    8.719133E-3    4.419839E-6    3
   9.338703E-10  -3.927773E-12      1.28704E4      1.21382E1                   4
C2H6              -THERMH   6C   2          G     300.0    5000.0  1384.0      1
   6.10683385E0  1.29236361E-2 -4.42527196E-6 6.87391726E-10-3.98901732E-14    2
  -1.37500014E4   -1.3008125E1 -2.52854344E-2  2.40764754E-2 -1.11893472E-5    3
  2.08340901E-9-5.29868616E-14  -1.12345534E4    2.1164875E1                   4
CH3O2             -THERMH   3O   2C   1     G     300.0    5000.0  1385.0      1
   5.95787891E0  7.90728626E-3 -2.68246234E-6 4.13891337E-10 -2.3900733E-14    2
  -1.53574838E3  -4.71963886E0   4.26146906E0  1.00873599E-2 -3.21506184E-6    3
 2.09409267E-10 4.18339103E-14  -6.84394259E2    5.1633032E0                   4
CH2CO             121686H   2O   1C   2     G     300.0    5000.0  1000.0      1
     6.038817E0     5.80484E-3   -1.920954E-6   2.794485E-10  -1.458868E-14    2
    -8.583402E3    -7.657581E0     2.974971E0    1.211871E-2   -2.345046E-6    3
   -6.466685E-9   3.905649E-12    -7.632637E3     8.673553E0                   4
CH2CHO            110393H   3O   1C   2     G     300.0    5000.0  1000.0      1
      5.97567E0    8.130591E-3   -2.743624E-6   4.070304E-10  -2.176017E-14    2
     4.903218E2    -5.045251E0     3.409062E0    1.073857E-2    1.891492E-6    3
   -7.158583E-9   2.867385E-12     1.521477E3      9.55829E0                   4
CH3CO             120186H   3O   1C   2     G     300.0    5000.0  1000.0      1
     5.612279E0    8.449886E-3   -2.854147E-6   4.238376E-10  -2.268404E-14    2
    -5.187863E3    -3.274949E0     3.125278E0     9.77822E-3    4.521448E-6    3
   -9.009462E-9   3.193718E-12    -4.108508E3     1.122885E1                   4
CH3CHO            120186H   4O   1C   2     G     300.0    5000.0  1000.0      1
      5.86865E0    1.079424E-2    -3.64553E-6   5.412912E-10  -2.896844E-14    2
    -2.264569E4    -6.012946E0     2.505695E0    1.336991E-2    4.671953E-6    3
    -1.12814E-8   4.263566E-12    -2.124589E4     1.335089E1                   4
C3H5              -THERMH   5C   3          G     300.0    5000.0  1397.0      1
   8.45883958E0  1.12695483E-2 -3.83792864E-6 5.94059119E-10 -3.4391803E-14    2
   1.63576092E4   -2.2580945E1 -5.29131958E-1    3.345591E-2 -2.53401027E-5    3
  1.02865754E-8 -1.7325834E-12   1.93834226E4   2.53067131E1                   4
C3H6              -THERMH   6C   3          G     300.0    5000.0  1388.0      1
   8.01595958E0  1.37023634E-2 -4.66249733E-6 7.21254402E-10-4.17370126E-14    2
  -1.87821271E3  -2.00160668E1  3.94615444E-1  2.89107662E-2 -1.54886808E-5    3
  3.88814209E-9-3.37890352E-13   1.06688164E3   2.19003736E1                   4
C3H7              120186H   7C   3          G     300.0    5000.0  1000.0      1
     7.978291E0    1.576113E-2   -5.173243E-6   7.443892E-10  -3.824978E-14    2
     7.579402E3    -1.935611E1     1.922537E0    2.478927E-2    1.810249E-6    3
   -1.783266E-8   8.582996E-12     9.713281E3     1.399271E1                   4
C4H7              -THERMH   7C   4          G     300.0    5000.0  1392.0      1
   1.12103578E1  1.60483196E-2 -5.46502292E-6 8.45941053E-10-4.89772739E-14    2
   1.09041937E4  -3.55593015E1 -3.50508352E-1  4.26511243E-2 -2.90979373E-5    3
  1.05403914E-8-1.60059854E-12   1.49933591E4   2.67295696E1                   4
C4H8              -THERMH   8C   4          G     300.0    5000.0  1392.0      1
   1.13508668E1  1.80617877E-2 -6.16093029E-6 9.54652959E-10-5.53089641E-14    2
  -5.97871038E3  -3.64369438E1 -8.31372089E-1  4.52580978E-2 -2.93658559E-5    3
  1.00220436E-8 -1.4319168E-12  -1.57875035E3   2.95084236E1                   4
C4H9              -THERMH   9C   4          G     300.0    5000.0  1395.0      1
   1.21510082E1  1.94310717E-2  -6.6157795E-6  1.02375136E-9-5.92529707E-14    2
   3.17231942E3  -3.93425822E1 -4.37779725E-1  4.78972364E-2 -3.14023159E-5    3
  1.09786472E-8-1.62010664E-12   7.68945248E3   2.86852732E1                   4
C4H9CO            -THERMH   9O   1C   5     G     300.0    5000.0  1382.0      1
   1.61782939E1   2.0799192E-2 -7.11787892E-6  1.10559975E-9-6.41697187E-14    2
  -1.66537752E4  -5.58943579E1   2.43530238E0  4.93682376E-2 -2.89883082E-5    3
  8.42863812E-9-9.68287172E-13  -1.14675541E4   1.92695879E1                   4
C4H9CHO           -THERMH  10O   1C   5     G     300.0    5000.0  1381.0      1
   1.67965163E1  2.25684519E-2 -7.67631588E-6  1.18769369E-9-6.87545554E-14    2
   -3.5682608E4  -6.09063312E1   1.59663472E0  5.43541416E-2 -3.21020651E-5    3
  9.35773559E-9-1.06688932E-12  -2.99841025E4   2.21281498E1                   4
C4H9COCH2         -THERMH  11O   1C   6     G     300.0    5000.0  1387.0      1
   1.98575871E1   2.5240637E-2 -8.72522623E-6  1.36422047E-9-7.95374883E-14    2
  -2.20531958E4  -7.71140999E1  6.57240675E-1  6.91820222E-2 -4.79956182E-5    3
  1.78114857E-8-2.80456388E-12  -1.51806661E4   2.65180216E1                   4
NC7KET23          -THERMH  14O   3C   7     G     300.0    5000.0  1394.0      1
    2.9406889E1  3.11132474E-2  -1.0747575E-5  1.67981822E-9-9.79195344E-14    2
  -6.04319021E4  -1.21313991E2  1.97237667E-1  1.01003617E-1 -7.54631627E-5    3
  2.92849376E-8-4.66295964E-12  -5.04393242E4   3.49969216E1                   4
C7H15-2                 H  15C   7          G     300.0    5000.0  1382.0      1
   2.16368842E1  3.23324804E-2 -1.09273807E-5   1.6835706E-9-9.71774091E-14    2
  -1.05873616E4  -8.52209653E1 -3.79155767E-2   7.5672657E-2 -4.07473634E-5    3
  9.32678943E-9-4.92360745E-13  -2.35605303E3   3.37321506E1                   4
C7H15O2           -THERMH  15O   2C   7     G     300.0    5000.0  1392.0      1
   2.52622017E1  3.46652053E-2 -1.18812593E-5  1.84687322E-9-1.07234165E-13    2
  -3.05051074E4  -1.00675588E2   1.51378168E0  8.85572745E-2 -5.92457147E-5    3
  2.11801862E-8-3.20741722E-12    -2.198184E4    2.7625537E1                   4
C7H14OOH          8-THRMH  15O   2C   7     G     300.0    5000.0  1389.0      1
   2.73843966E1  3.17800796E-2 -1.07557689E-5  1.65881427E-9-9.58200506E-14    2
  -2.49404488E4  -1.09739277E2   1.62083964E0  8.83636215E-2 -5.64527235E-5    3
  1.76325999E-8-2.10369342E-12  -1.57072842E4   2.97815441E1                   4
C7H15O2H          -----2H  16O   2C   7     G     300.0    5000.0  1393.0      1
   2.77098165E1   3.4848788E-2 -1.19777002E-5   1.8655634E-9-1.08475524E-13    2
  -4.86189131E4  -1.14905489E2  6.29165042E-1  9.70053636E-2 -6.68336695E-5    3
  2.41186253E-8-3.61669837E-12  -3.90427262E4   3.10277331E1                   4
O2C7H14OOH        -98-TMH  15O   4C   7     G     300.0    5000.0  1392.0      1
   3.27436761E1  3.30060143E-2 -1.14146253E-5  1.78556283E-9-1.04147126E-13    2
  -4.58332974E4  -1.35817581E2   3.09603698E0  9.93182239E-2 -6.69045928E-5    3
   2.2419127E-8-2.97843662E-12  -3.52824732E4   2.43873873E1                   4
CH3OCO                  H   3O   2C   2     G     300.0    5000.0  1601.0      1
   9.73659803E0  7.42432713E-3 -2.65641779E-6 4.25031143E-10-2.51824924E-14    2
   -2.3551245E4  -2.37360013E1   4.16215406E0  1.38037511E-2 -3.08486109E-7    3
 -4.56430814E-9 1.46909632E-12   -2.0962703E4   8.54235619E0                   4
CH3OH             121686H   4O   1C   1     G     300.0    5000.0  1000.0      1
     4.029061E0    9.376593E-3   -3.050254E-6   4.358793E-10  -2.224723E-14    2
    -2.615791E4     2.378196E0     2.660115E0    7.341508E-3    7.170051E-6    3
   -8.793194E-9    2.39057E-12    -2.535348E4     1.123263E1                   4
CH2OH             120186H   3O   1C   1     G     250.0    4000.0  1000.0      1
      6.32752E0    3.608271E-3   -3.201547E-7   -1.93875E-10   3.509705E-14    2
    -4.474509E3    -8.329366E0     2.862628E0    1.001527E-2   -5.285436E-7    3
    -5.13854E-9   2.246041E-12    -3.349679E3     1.039794E1                   4
C3H7CHO           -THERMH   8O   1C   4     G     300.0    5000.0  1378.0      1
   1.35988068E1  1.81652474E-2 -6.17844458E-6 9.55980208E-10-5.53442958E-14    2
  -3.15845348E4  -4.51790228E1   1.87415959E0  4.19240315E-2 -2.35148779E-5    3
  6.26913673E-9-6.09443908E-13  -2.71032194E4   1.91568574E1                   4
C6H13CO           -THERMH  13O   1C   7     G     300.0    5000.0  1389.0      1
   2.32412991E1  2.94013946E-2 -1.01210871E-5  1.57812201E-9-9.18349976E-14    2
  -2.67973204E4  -9.47460288E1  7.18129174E-1  7.97814021E-2 -5.30878535E-5    3
  1.83105964E-8-2.61673962E-12  -1.86909366E4   2.71126725E1                   4
C4H4              -----0H   4C   4          G     300.0    5000.0  1000.0      1
    6.3549404E0   1.5122039E-2  -5.7226539E-6  9.8267505E-10 -6.3638168E-14    2
    3.3896547E4   -7.4671631E0    1.5192467E0   2.9964752E-2  -1.9455949E-5    3
    3.983732E-9  6.4256348E-13    3.4997141E4    1.6783657E1                   4
C4H3                    H   3C   4          G     300.0    5000.0  1000.0      1
    8.1544113E0     8.45333E-3  -2.2554141E-6  3.0141167E-10 -1.6387794E-14    2
    6.2419848E4   -1.5504528E1     1.355612E0   3.2820366E-2  -3.5109366E-5    3
   2.0636321E-8 -5.0605436E-12    6.3911547E4    1.8002588E1                   4
HCCO              -32387H   1O   1C   2     G     300.0    4000.0  1000.0      1
     6.758073E0      2.0004E-3   -2.027607E-7  -1.041132E-10   1.965165E-14    2
     1.901513E4    -9.071262E0     5.047965E0    4.453478E-3    2.268283E-7    3
   -1.482095E-9   2.250742E-13     1.965892E4    4.818439E-1                   4
C6H11                   H  11C   6          G     300.0    5000.0  1388.0      1
   1.73781063E1  2.52715626E-2 -8.74710351E-6  1.36884407E-9-7.98569285E-14    2
   1.33730775E3  -6.77269441E1  -1.78981302E0  6.71660911E-2 -4.34180588E-5    3
  1.43931014E-8-1.96953043E-12    8.3523047E3   3.63570478E1                   4
C2H3CHO           -THERMH   4O   1C   3     G     300.0    5000.0  1393.0      1
   1.04184959E1  9.48963321E-3 -3.29310529E-6 5.16279203E-10-3.01587291E-14    2
  -1.49630281E4  -3.07235061E1  2.92355162E-1  3.54321417E-2 -2.94936324E-5    3
  1.28100124E-8-2.26144108E-12  -1.16521584E4    2.2887828E1                   4
C3H6CHO           -THERMH   7O   1C   4     G     300.0    5000.0  1379.0      1
   1.30322954E1  1.62418373E-2 -5.54388124E-6 8.59723685E-10-4.98459726E-14    2
  -6.45915975E3  -3.92399021E1   2.67672303E0  3.73064128E-2 -2.11281405E-5    3
  5.80472681E-9-6.09688236E-13  -2.49714183E3   1.75750933E1                   4
C2H5CHO           -THERMH   6O   1C   3     G     300.0    5000.0  1378.0      1
   1.02427695E1  1.39641989E-2 -4.76248001E-6 7.38105706E-10-4.27759503E-14    2
  -2.74143135E4  -2.85346843E1   2.16308444E0  2.95501264E-2 -1.52446252E-5    3
  3.49503947E-9-2.38896627E-13  -2.42260137E4   1.61153348E1                   4
C4H7O             -THERMH   7O   1C   4     G     300.0    5000.0  1380.0      1
   1.30026331E1  1.63104877E-2 -5.57642899E-6 8.65670629E-10-5.02255667E-14    2
  -1.25523385E4  -4.02608515E1   2.67256826E0  3.71198825E-2 -2.06862859E-5    3
  5.48873888E-9-5.35864183E-13  -8.58050888E3    1.6484895E1                   4
C6H13             -THERMH  13C   6          G     300.0    5000.0  1380.0      1
   1.83687363E1   2.8026811E-2 -9.47032396E-6  1.45888527E-9-8.42002461E-14    2
  -6.46093974E3  -6.90934018E1  2.29560154E-1  6.33327323E-2 -3.24135431E-5    3
  6.46387687E-9-9.61420424E-14   5.25639155E2   3.08006138E1                   4
C6H13O            -THERMH  13O   1C   6     G     300.0    5000.0  1394.0      1
   2.06212979E1  2.93505832E-2  -1.0067552E-5  1.56583919E-9-9.09553875E-14    2
  -2.47150564E4  -8.06250183E1  -1.49301672E0  8.07750602E-2 -5.64119218E-5    3
   2.0902168E-8 -3.2405361E-12  -1.69441107E4   3.83378935E1                   4
C6H13O2           -THERMH  13O   2C   6     G     300.0    5000.0  1393.0      1
   2.21058203E1  3.01631951E-2 -1.03356754E-5  1.60632978E-9-9.32550072E-14    2
  -2.64125536E4  -8.58473243E1   1.62964892E0  7.68548886E-2 -5.17292235E-5    3
  1.87119014E-8-2.87653697E-12  -1.90768103E4   2.47112107E1                   4
C6H12OOH          8-THRMH  13O   2C   6     G     300.0    5000.0  1388.0      1
   2.42454253E1  2.72458345E-2 -9.19656773E-6   1.4159862E-9-8.17044423E-14    2
  -2.08564674E4  -9.50086804E1   1.85329157E0  7.61266828E-2 -4.81366962E-5    3
  1.46689377E-8-1.66417799E-12  -1.28193912E4   2.63309672E1                   4
C6H12OOHO2        -98-TMH  13O   4C   6     G     300.0    5000.0  1393.0      1
   2.95271681E1  2.85203824E-2 -9.86682495E-6  1.54383896E-9-9.00649892E-14    2
  -4.16962204E4  -1.19907035E2     3.231797E0   8.7695688E-2 -5.97556683E-5    3
   2.0260791E-8-2.72506254E-12  -3.23842521E4   2.20391463E1                   4
C6KET24           -THERMH  12O   3C   6     G     300.0    5000.0  1389.0      1
   2.50386062E1  2.75871713E-2 -9.52546534E-6   1.4882849E-9-8.67306185E-14    2
  -5.77837692E4  -9.80961279E1   2.88191806E0  7.81321733E-2 -5.39698643E-5    3
  1.95324043E-8-2.94996499E-12  -4.98963867E4   2.14500025E1                   4
C6H12O            -THERMH  12O   1C   6     G     300.0    5000.0  1388.0      1
   1.99501923E1  2.88253331E-2  -1.0021793E-5  1.57295064E-9-9.19508743E-14    2
   -3.1567431E4  -8.24846912E1  -3.75894138E0  8.46044396E-2 -6.18101303E-5    3
  2.42424607E-8-4.01441141E-12  -2.32216305E4   4.49636341E1                   4
CH3COCH2          -THERMH   5O   1C   3     G     300.0    5000.0  1391.0      1
   1.02303975E1  1.16494161E-2 -4.01005537E-6 6.25205246E-10-3.63784362E-14    2
  -8.44380462E3   -2.7919722E1   1.80339187E0  3.01407085E-2 -1.93505552E-5    3
  6.38199034E-9 -8.6610318E-13  -5.37233261E3   1.78046408E1                   4
C2H5CO            -THERMH   5O   1C   3     G     300.0    5000.0  1373.0      1
   9.87881997E0  1.17515676E-2 -4.00614923E-6 6.20850617E-10-3.59835225E-14    2
  -8.47292283E3  -2.49235196E1   2.93313946E0  2.47427911E-2 -1.21222003E-5    3
  2.34701048E-9-5.26843338E-14  -5.69663063E3   1.35958355E1                   4
C5H10                   H  10C   5          G     300.0    5000.0  1385.0      1
   1.39945443E1  2.29446582E-2 -7.82594153E-6   1.2126023E-9-7.02518457E-14    2
  -1.31576943E4  -5.04083848E1   1.20274147E0  4.78872107E-2 -2.48144766E-5    3
  5.73514355E-9-3.91266685E-13  -8.15212335E3   2.01592579E1                   4
C5H9              -THERMH   9C   5          G     300.0    5000.0  1392.0      1
   1.41860454E1  2.07128899E-2 -7.06960617E-6  1.09607133E-9-6.35322208E-14    2
   7.00496135E3  -5.14501773E1   -1.3801395E0  5.57608487E-2 -3.70143928E-5    3
  1.26883901E-8-1.78538835E-12   1.25589824E4   3.26441304E1                   4
C6H12                   H  12C   6          G     300.0    5000.0  1390.0      1
   1.73616148E1  2.71634902E-2 -9.25249439E-6  1.43247725E-9-8.29472521E-14    2
  -1.55509547E4  -6.61857343E1  -8.3781052E-1  6.64334712E-2 -4.08801772E-5    3
  1.27558015E-8-1.60665165E-12  -8.86347329E3     3.277852E1                   4
C6H112-4          -THERMH  11C   6          G     300.0    5000.0  1389.0      1
   1.69675593E1  2.54635235E-2 -8.68644122E-6    1.346297E-9-7.80191162E-14    2
   1.54157079E3  -6.52971106E1  -1.16992307E0  6.48326433E-2 -4.05262795E-5    3
  1.27524726E-8-1.60498435E-12   8.16316429E3   3.32148832E1                   4
C6H11O2-4         -THERMH  11O   1C   6     G     300.0    5000.0  1388.0      1
   2.17536453E1  2.29477789E-2 -7.71427788E-6  1.18540388E-9-6.83332601E-14    2
  -1.06296518E4  -8.69112396E1  -1.97396384E0  7.78641252E-2 -5.51856115E-5    3
  1.93459318E-8-2.65553891E-12  -2.46698943E3   4.04899267E1                   4
C6H12OH           -THERMH  13O   1C   6     G     300.0    5000.0  1390.0      1
   2.05388853E1  2.82512269E-2 -9.53280388E-6  1.46688381E-9-8.45889133E-14    2
  -2.73356962E4   -7.6527846E1  2.03282633E-1  7.28935457E-2  -4.5920036E-5    3
   1.4511501E-8-1.81146964E-12  -2.00036461E4    3.3675165E1                   4
C8H16             -THERMH  16C   8          G     300.0    5000.0  1392.0      1
   2.43540125E1  3.53666462E-2 -1.20208388E-5  1.85855053E-9-1.07522262E-13    2
  -2.24485674E4  -1.00537716E2  -1.89226915E0  9.46066357E-2 -6.27385521E-5    3
  2.15158309E-8-3.02718683E-12  -1.31074559E4   4.11878981E1                   4
C8H15             -THERMH  15C   8          G     300.0    5000.0  1385.0      1
   2.33542716E1  3.34308759E-2 -1.13090513E-5  1.74349916E-9-1.00683122E-13    2
  -7.12870223E1   -9.2146055E1  -1.06767837E0  8.52582925E-2 -5.12151748E-5    3
  1.47537449E-8-1.56139848E-12   8.90562157E3   4.08246085E1                   4
C5H11             T03-97H  11C   5          G    298.15    5000.0  1000.0      1
   1.13324106E1  3.03659897E-2  -1.1393448E-5  1.99539733E-9-1.32825012E-13    2
  -5.95299959E3  -3.13564905E1   3.57867617E0  3.04236365E-2   3.2776827E-5    3
 -5.86453147E-8 2.39315107E-11  -2.60420265E3   1.42591121E1                   4
C5H11O2           -THERMH  11O   2C   5     G     300.0    5000.0  1393.0      1
   1.91109668E1  2.54972629E-2 -8.72816395E-6  1.35560179E-9-7.86632141E-14    2
  -2.23858792E4  -7.05707166E1   1.96899027E0   6.4064483E-2 -4.21700472E-5    3
   1.4761046E-8-2.18348296E-12  -1.62053385E4   2.21485671E1                   4
C5H10OOH          8-THRMH  11O   2C   5     G     300.0    5000.0  1385.0      1
   2.11169318E1  2.26986457E-2 -7.63263375E-6  1.17243697E-9 -6.7548891E-14    2
  -1.67780275E4   -7.8960686E1   2.09502214E0  6.38468779E-2 -3.97543431E-5    3
  1.16640179E-8-1.21585829E-12  -9.93286805E3   2.42166673E1                   4
C10H22            -THERMH  22C  10          G     300.0    5000.0  1391.0      1
   3.19882239E1  4.77244922E-2 -1.62276391E-5  2.50963259E-9-1.45215772E-13    2
   -4.6639284E4  -1.40504121E2  -2.08416969E0  1.22535012E-1 -7.76815739E-5    3
  2.49834877E-8-3.23548038E-12  -3.43021863E4    4.4226014E1                   4
C10H21            -THERMH  21C  10          G     300.0    5000.0  1385.0      1
    3.1444758E1  4.52778532E-2 -1.53145696E-5  2.36072411E-9-1.36311835E-13    2
    -2.297027E4  -1.33634423E2 -9.30536886E-1  1.13137924E-1 -6.64034118E-5    3
  1.83220872E-8-1.77128003E-12  -1.09890165E4    4.2933508E1                   4
C10H21O2          -THERMH  21O   2C  10     G     300.0    5000.0  1391.0      1
   3.52386548E1  4.75793514E-2 -1.63731335E-5  2.55214038E-9-1.48474197E-13    2
  -4.32282603E4  -1.50404303E2   1.01431524E0  1.24157438E-1 -8.21448954E-5    3
  2.85684148E-8-4.17000221E-12  -3.08616979E4   3.48377002E1                   4
C10KET2-1               H  20O   3C  10     G     300.0    5000.0  1393.0      1
   3.85996596E1  4.47463697E-2 -1.54033646E-5  2.40175763E-9-1.39764748E-13    2
  -7.12001532E4   -1.6440302E2  -1.9372279E-1  1.38127143E-1 -1.03141154E-4    3
  4.06829473E-8-6.64937911E-12  -5.79149099E4     4.311235E1                   4
C7H15CHO          -THERMH  16O   1C   8     G     300.0    5000.0  1386.0      1
   2.61609074E1  3.62858837E-2 -1.24097058E-5  1.92662114E-9-1.11780863E-13    2
  -4.79259983E4  -1.06895495E2  9.66850312E-1  9.08063795E-2 -5.67710469E-5    3
  1.81650681E-8-2.38496879E-12  -3.86587355E4   3.00918692E1                   4
C7H15CO           -THERMH  15O   1C   8     G     300.0    5000.0  1386.0      1
   2.57444491E1  3.41545888E-2 -1.16883107E-5  1.81544096E-9 -1.0536444E-13    2
  -2.89638264E4  -1.02988707E2   1.73697916E0  8.60262622E-2 -5.37492409E-5    3
  1.71184327E-8-2.22771849E-12  -2.01298819E4    2.7567468E1                   4
C6H13CHO          -THERMH  14O   1C   7     G     300.0    5000.0  1385.0      1
   2.30172858E1  3.17488129E-2 -1.08471869E-5  1.68296998E-9-9.76031894E-14    2
  -4.38361973E4  -9.14416834E1   1.16727179E0   7.8706403E-2 -4.86434224E-5    3
   1.5302262E-8 -1.9640479E-12  -3.57659062E4   2.74799549E1                   4
C12H25            -THERMH  25C  12          G     300.0    5000.0  1385.0      1
   3.79688268E1  5.38719464E-2 -1.82171263E-5  2.80774503E-9 -1.6210842E-13    2
  -3.12144988E4  -1.65805933E2  -1.36787089E0  1.37355348E-1 -8.24076158E-5    3
  2.36421562E-8-2.47435932E-12  -1.67660539E4   4.83521895E1                   4
C12H25O2          -THERMH  25O   2C  12     G     300.0    5000.0  1391.0      1
   4.15594442E1  5.65861741E-2 -1.94673569E-5  3.03391862E-9-1.76481347E-13    2
  -5.14188102E4   -1.8149246E2  7.19000677E-1  1.47857475E-1 -9.76141389E-5    3
  3.37768226E-8-4.89238474E-12  -3.66625786E4   3.95787186E1                   4
C12KET                  H  24O   3C  12     G     300.0    5000.0  1393.0      1
   4.49391711E1  5.37234437E-2 -1.84844136E-5  2.88118806E-9-1.67623777E-13    2
  -7.93966403E4  -1.95594753E2  -5.4900656E-1  1.62095503E-1 -1.18993817E-4    3
  4.61133228E-8-7.41761827E-12  -6.37068665E4   4.81302194E1                   4
C4H9O2            -THERMH   9O   2C   4     G     300.0    5000.0  1393.0      1
   1.59125079E1   2.1017075E-2 -7.18695542E-6  1.11540718E-9-6.46906625E-14    2
  -1.82703158E4  -5.47955211E1   2.12203459E0  5.22170099E-2 -3.45361525E-5    3
  1.22590593E-8-1.85024171E-12  -1.33059163E4    1.9750235E1                   4
C4H8OOH           -THERMH   9O   2C   4     G     300.0    5000.0  1379.0      1
   1.67765697E1  2.02436108E-2 -7.00755314E-6  1.09668146E-9-6.39812135E-14    2
  -1.01952999E4  -5.57317121E1   4.58873307E0  4.21293468E-2 -1.91956104E-5    3
  2.59922321E-9 2.80120772E-13  -5.24542343E3   1.21592799E1                   4
C4H8OOHO2         98-TRMH   9O   4C   4     G     300.0    5000.0  1395.0      1
   2.11658891E1  2.09636033E-2 -7.20558874E-6  1.12228133E-9-6.52546797E-14    2
   -3.0347938E4  -7.52165802E1   5.01285046E0   5.8301727E-2 -4.05195371E-5    3
  1.48315962E-8 -2.2623346E-12  -2.46570201E4   1.17446314E1                   4
C4KET23           -THERMH   8O   3C   4     G     300.0    5000.0  1387.0      1
   1.99512969E1  1.79558596E-2 -6.31230878E-6 9.98217386E-10-5.86636973E-14    2
  -4.95585495E4  -7.43071328E1  4.50575961E-1  6.48862527E-2 -5.04446464E-5    3
   2.0308522E-8-3.35952497E-12  -4.28779359E4   3.00153676E1                   4
C4H9O             -THERMH   9O   1C   4     G     300.0    5000.0  1395.0      1
   1.43191907E1  2.03755403E-2 -6.99468128E-6  1.08846398E-9-6.32475258E-14    2
  -1.65501937E4  -4.96934457E1  -1.73349511E0  5.93973025E-2 -4.43530387E-5    3
  1.78096538E-8-2.98781742E-12  -1.10605307E4    3.6091034E1                   4
C3H7O             -THERMH   7O   1C   3     G     300.0    5000.0  1396.0      1
   1.11265533E1  1.58407525E-2 -5.42391589E-6 8.42560091E-10-4.88988735E-14    2
  -1.24213331E4  -3.45968831E1 -9.69615596E-1  4.48455154E-2 -3.26479816E-5    3
  1.27420941E-8-2.07979338E-12  -8.25420041E3   3.01697993E1                   4
C3H7O2                  H   7O   2C   3     G     300.0    5000.0  1394.0      1
    1.2705905E1  1.65446528E-2 -5.64857588E-6 8.75666817E-10-5.07449775E-14    2
  -1.41513305E4   -3.9662932E1   2.25116181E0  4.04764261E-2 -2.70779685E-5    3
  9.87383732E-9 -1.5439198E-12  -1.04027797E4   1.67736536E1                   4
C3H6OOH           -THERMH   7O   2C   3     G     300.0    5000.0  1381.0      1
   1.43342402E1  1.50496617E-2 -5.20515993E-6 8.14227552E-10-4.74899437E-14    2
  -6.33723421E3  -4.47976591E1   4.08359443E0  3.40422329E-2 -1.62692689E-5    3
    2.387654E-9 2.21650818E-13  -2.27965073E3   1.20159683E1                   4
C3H6OOHO2         98-TRMH   7O   4C   3     G     300.0    5000.0  1395.0      1
   1.80081026E1  1.64454957E-2 -5.65072684E-6 8.79909715E-10-5.11539524E-14    2
  -2.62531859E4  -5.96854123E1   5.12908753E0  4.65555698E-2 -3.29168914E-5    3
  1.22946656E-8-1.91321521E-12  -2.17507893E4   9.52747117E0                   4
C3KET21           -THERMH   6O   3C   3     G     300.0    5000.0  1371.0      1
   1.56377776E1  1.44059342E-2 -5.08808082E-6 8.07076119E-10 -4.7529565E-14    2
  -4.30657975E4  -5.13105869E1   4.55686367E0  3.57076837E-2 -1.94712054E-5    3
  4.70695431E-9-3.69753807E-13  -3.86710975E4   9.97761694E0                   4
N                 120186N   1               G     300.0    5000.0  1000.0      1
     2.450268E0    1.066146E-4   -7.465337E-8   1.879652E-11  -1.025984E-15    2
     5.611604E4     4.448758E0     2.503071E0   -2.180018E-5    5.420529E-8    3
   -5.64756E-11   2.099904E-14      5.60989E4     4.167566E0                   4
N2O               121286O   1N   2          G     300.0    5000.0  1000.0      1
     4.718977E0    2.873714E-3   -1.197496E-6   2.250552E-10  -1.575337E-14    2
     8.165811E3     -1.65725E0     2.543058E0    9.492193E-3   -9.792775E-6    3
    6.263845E-9  -1.901826E-12       8.7651E3     9.511222E0                   4
NO                121286O   1N   1          G     300.0    5000.0  1000.0      1
     3.245435E0    1.269138E-3    -5.01589E-7   9.169283E-11  -6.275419E-15    2
      9.80084E3     6.417294E0     3.376542E0    1.253063E-3   -3.302751E-6    3
     5.21781E-9  -2.446263E-12     9.817961E3      5.82959E0                   4
NO2               121286O   2N   1          G     300.0    5000.0  1000.0      1
     4.682859E0    2.462429E-3   -1.042259E-6   1.976902E-10  -1.391717E-14    2
     2.261292E3    9.885985E-1       2.6706E0    7.838501E-3   -8.063865E-6    3
    6.161715E-9   -2.32015E-12     2.896291E3     1.161207E1                   4
H2  REF ELEMENT   RUS 78H   2    0    0    0G     200.0    6000.0  1000.       1  
 0.29328305E+01 0.82659802E-03-0.14640057E-06 0.15409851E-10-0.68879615E-15    2
-0.81305582E+03-0.10243164E+01 0.23443029E+01 0.79804248E-02-0.19477917E-04    3
 0.20156967E-07-0.73760289E-11-0.91792413E+03 0.68300218E+00                   4
CH4    RRHO       G 8/99C   1H   4    0    0G   200.000  6000.000 1000.        1  
 1.91178600E+00 9.60267960E-03-3.38387841E-06 5.38797240E-10-3.19306807E-14    2
-1.00992136E+04 8.48241861E+00 5.14825732E+00-1.37002410E-02 4.93749414E-05    3
-4.91952339E-08 1.70097299E-11-1.02453222E+04-4.63322726E+00                   4
C2H2 ACETYLENE    G 1/91C   2H   2    0    0G   200.000  6000.000 1000.        1  
 4.65878489E+00 4.88396667E-03-1.60828888E-06 2.46974544E-10-1.38605959E-14    2
 2.57594042E+04-3.99838194E+00 8.08679682E-01 2.33615762E-02-3.55172234E-05    3
 2.80152958E-08-8.50075165E-12 2.64289808E+04 1.39396761E+01                   4
C3H4                    H   4C   3    0    0G   200.00   6000.00  1000.00    0 1
 6.31687220E+00 1.11337280E-02-3.96293780E-06 6.35642380E-10-3.78755400E-14    2
 2.01174950E+04-1.09957660E+01 2.61304450E+00 1.21225750E-02 1.85398800E-05    3
-3.45251490E-08 1.53350790E-11 2.15415670E+04 1.02261390E+01                   4
C4H2                    H   2C   4    0    0G   200.00   6000.00  1000.00    0 1
 8.66700350E+00 6.71663710E-03-2.35449950E-06 3.73830790E-10-2.21189140E-14    2
 4.98569330E+04-2.11142050E+01-3.95185080E-01 5.19558130E-02-9.17866160E-05    3
 8.05239290E-08-2.69170880E-11 5.14517090E+04 2.09691010E+01                   4
C4H4  1-BUTENE-3  T06/04C   4H   4    0    0G   200.000  6000.000 1000.        1 
 7.98456038E+00 1.20558816E-02-4.23587475E-06 6.73646140E-10-3.99059864E-14    2
 3.11993029E+04-1.67958975E+01 1.37368786E+00 2.88801256E-02-1.46863874E-05    3
-3.91045446E-09 4.78133572E-12 3.30633344E+04 1.75941274E+01                   4
C4H6  1,3-BUTADIENT05/04C   4H   6    0    0G   200.000  6000.000 1000.        1 
 7.62637466E+00 1.72523403E-02-6.09184911E-06 9.70800102E-10-5.76169721E-14    2
 9.55306395E+03-1.48325259E+01 4.10599669E+00 5.05575563E-03 5.83885454E-05    3
-8.05950198E-08 3.27447711E-11 1.15092468E+04 8.42978067E+00                   4
C4H7  1-METH-ALLYLT05/04C   4H   7    0    0G   200.000  6000.000 1000.        1 
 8.08107449E+00 1.95526544E-02-6.93149115E-06 1.10889183E-09-6.59584410E-14    2
 1.22822959E+04-1.67137903E+01 4.54746808E+00 4.63771460E-03 6.61340221E-05    3
-8.97456502E-08 3.61716165E-11 1.43843217E+04 7.30313471E+00                   4
C3H8                    H   8C   3    0    0G    300.00   5000.00 1000.00    0 1
 7.53413680E+00 1.88722390E-02-6.27184910E-06 9.14756490E-10-4.78380690E-14    2
-1.64675160E+04-1.78923490E+01 9.33553810E-01 2.64245790E-02 6.10597270E-06    3
-2.19774990E-08 9.51492530E-12-1.39585200E+04 1.92016910E+01                   4
O2 REF ELEMENT    RUS 89O   2    0    0    0G   200.000  6000.000 1000.        1  
 3.66096083E+00 6.56365523E-04-1.41149485E-07 2.05797658E-11-1.29913248E-15    2
-1.21597725E+03 3.41536184E+00 3.78245636E+00-2.99673415E-03 9.84730200E-06    3
-9.68129508E-09 3.24372836E-12-1.06394356E+03 3.65767573E+00                   4
C2                      C   2    0    0    0G    200.00   6000.00 1000.00    0 1
 3.79137060E+00 5.16504730E-04-2.54869600E-08-8.22635540E-12 1.00861680E-15    2
 9.90230590E+04 2.81518020E+00 8.64705500E-01 3.93531200E-02-1.19818180E-04    3
 1.39081030E-07-5.52055030E-11 9.87313030E+04 1.15301410E+01                   4
C                 L 7/88C   1    0    0    0G   200.000  6000.000 1000.        1   
 0.26055830E+01-0.19593434E-03 0.10673722E-06-0.16423940E-10 0.81870580E-15    2
 0.85411742E+05 0.41923868E+01 0.25542395E+01-0.32153772E-03 0.73379223E-06    3
-0.73223487E-09 0.26652144E-12 0.85442681E+05 0.45313085E+01                   4
CH                IU3/03C   1H   1    0    0G   200.000  6000.000 1000.        1  
 0.25209369E+01 0.17653639E-02-0.46147660E-06 0.59289675E-10-0.33474501E-14    2
 0.70994878E+05 0.74051829E+01 0.34897583E+01 0.32432160E-03-0.16899751E-05    3
 0.31628420E-08-0.14061803E-11 0.70660755E+05 0.20842841E+01                   4
CH2 TRIPLET       IU3/03C   1H   2    0    0G   200.000  6000.000 1000.        1  
 3.14631886E+00 3.03671259E-03-9.96474439E-07 1.50483580E-10-8.57335515E-15    2
 4.60412605E+04 4.72341711E+00 3.71757846E+00 1.27391260E-03 2.17347251E-06    3
-3.48858500E-09 1.65208866E-12 4.58723866E+04 1.75297945E+00                   4
CH2-S  SINGLET    IU3/03C  1.H  2.   0.   0.G   200.000  6000.000 1000.        1
 3.13501686E+00 2.89593926E-03-8.16668090E-07 1.13572697E-10-6.36262835E-15    2
 5.05040504E+04 4.06030621E+00 4.19331325E+00-2.33105184E-03 8.15676451E-06    3
-6.62985981E-09 1.93233199E-12 5.03662246E+04-7.46734310E-01                   4
C2H ETHYNYL RAD   T07/00C   2H   1    0    0G   200.000  6000.000 1000.        1   
 3.66459586E+00 3.82189487E-03-1.36509398E-06 2.13253692E-10-1.23098939E-14    2
 6.72238503E+04 3.91355399E+00 2.90180321E+00 1.32859725E-02-2.80508233E-05    3
 2.89300812E-08-1.07446930E-11 6.71171170E+04 6.17234595E+00                   4
C2H3  VINYL RADI  ATCT/AC  2.H  3.   0.   0.G   200.000  6000.000 1000.        1  
 4.15026763E+00 7.54021341E-03-2.62997847E-06 4.15974048E-10-2.45407509E-14    2
 3.38566380E+04 1.72812235E+00 3.36377642E+00 2.65765722E-04 2.79620704E-05    3
-3.72986942E-08 1.51590176E-11 3.44749589E+04 7.91510092E+00                   4
C3H2                    H   2C   3    0    0G    200.00   6000.00 1000.00    0 1
 5.69445684E+00 6.53821901E-03-2.35907266E-06 3.82037384E-10-2.29227460E-14    2
 5.49264274E+04-6.96163733E+00 3.18167129E+00-3.37611741E-04 3.95343765E-05    3
-5.49792422E-08 2.28335240E-11 5.61816758E+04 9.06482468E+00                   4
C3H3                    H   3C   3    0    0G    200.00   6000.00 1000.00    0 1
 7.14221880E+00 7.61902005E-03-2.67459950E-06 4.24914801E-10-2.51475415E-14    2
 3.80693414E+04-1.25848435E+01 1.35110927E+00 3.27411223E-02-4.73827135E-05    3
 3.76309808E-08-1.18540923E-11 3.92663770E+04 1.52058924E+01                   4
C4H5   2-BUYN-1YL T10/06C   4H   5    0    0G   200.000  6000.000 1000.        1  
 7.62618778E+00 1.47321922E-02-5.22511622E-06 8.36085367E-10-4.97358383E-14    2
 3.33816425E+04-1.26664026E+01 4.41575788E+00 1.36823548E-02 1.76533170E-05    3
-3.06168262E-08 1.27850098E-11 3.47871254E+04 6.39669972E+00                   4
CH3O  METHOXY RAD IU1/03C  1.H  3.O  1.   0.G   200.000  6000.000 1000.        1  
 4.75779238E+00 7.44142474E-03-2.69705176E-06 4.38090504E-10-2.63537098E-14    2
 3.90139164E+02-1.96680028E+00 3.71180502E+00-2.80463306E-03 3.76550971E-05    3
-4.73072089E-08 1.86588420E-11 1.30772484E+03 6.57240864E+00                   4
CH2OH RADICAL     IU2/03C  1.H  3.O  1.   0.G   200.000  6000.000 1000.        1  
 5.09312037E+00 5.94758550E-03-2.06496524E-06 3.23006703E-10-1.88125052E-14    2
-4.05813228E+03-1.84690613E+00 4.47832317E+00-1.35069687E-03 2.78483707E-05    3
-3.64867397E-08 1.47906775E-11-3.52476728E+03 3.30911984E+00                   4
AR                      AR  1    0    0    0G    300.00   5000.00 1000.00    0 1
 2.50000000E+00 0.00000000E+00 0.00000000E+00 0.00000000E+00 0.00000000E+00    2
-7.45375000E+02 4.36600000E+00 2.50000000E+00 0.00000000E+00 0.00000000E+00    3
 0.00000000E+00 0.00000000E+00-7.45375000E+02 4.36600000E+00                   4
A1   BENZENE      G 6/01C   6H   6    0    0G   200.000  6000.000 1000.        1  
 1.10809576E+01 2.07176746E-02-7.52145991E-06 1.22320984E-09-7.36091279E-14    2
 4.30641035E+03-4.00413310E+01 5.04818632E-01 1.85020642E-02 7.38345881E-05    3
-1.18135741E-07 5.07210429E-11 8.55247913E+03 2.16412893E+01                   4
A1-   PHENYL RAD  T04/02C   6H   5    0    0G   200.000  6000.000 1000.        1
 1.08444762E+01 1.73212473E-02-6.29233249E-06 1.02369961E-09-6.16216828E-14    2
 3.55598475E+04-3.53735134E+01 2.10306633E-01 2.04745507E-02 5.89743006E-05    3
-1.01534255E-07 4.47105660E-11 3.95468722E+04 2.52910455E+01                   4
C6H5OH PHENOL     G 8/00C  6.H  6.O  1.   0.G   200.000  6000.000 1000.        1
 1.41552427E+01 1.99350340E-02-7.18219540E-06 1.16229002E-09-6.97147483E-14    2
-1.81287441E+04-5.17984911E+01-2.90978575E-01 4.08562397E-02 2.42829425E-05    3
-7.14477617E-08 3.46002146E-11-1.34129780E+04 2.68745637E+01                   4
C6H5O  PHENOXY    T05/02C  6.H  5.O  1.   0.G   200.000  6000.000 1000.        1
 1.37221720E+01 1.74688771E-02-6.35504520E-06 1.03492308E-09-6.23410504E-14    2
 2.87274751E+02-4.88181680E+01-4.66204455E-01 4.13443975E-02 1.32412991E-05    3
-5.72872769E-08 2.89763707E-11 4.77858391E+03 2.76990274E+01                   4
C5H5 CY           T12/89C   5H   5    0    0G   200.000  6000.000 1000.        1  
 0.10844072E+02 0.15392831E-01-0.55630422E-05 0.90189440E-09-0.54156619E-13    2
 0.26950886E+05-0.35254983E+02-0.95902849E+00 0.31396777E-01 0.26724050E-04    3
-0.68942183E-07 0.33301983E-10 0.30779441E+05 0.29072780E+02                   4
C5H6              T 1/90C   5H   6    0    0G   200.000  6000.000 1000.        1  
 0.99757848E+01 0.18905543E-01-0.68411461E-05 0.11099340E-08-0.66680236E-13    2
 0.11081693E+05-0.32209454E+02 0.86108957E+00 0.14804031E-01 0.72108895E-04    3
-0.11338055E-06 0.48689972E-10 0.14801755E+05 0.21353453E+02                   4
A1C2H C6H5CCH     T12/06C  8.H  6.   0.   0.G   200.000  6000.000 1000.        1
 1.63582907E+01 2.11974105E-02-7.65817215E-06 1.24134505E-09-7.45327960E-14    2
 3.10375340E+04-6.22520227E+01-2.74707918E+00 7.78284438E-02-6.69709932E-05    3
 2.37972496E-08-8.43279765E-13 3.61131008E+04 3.54221257E+01                   4
C7H8              MAR95 C   7H   8    0    0G   200.000  6000.000              1
 0.12940034E+02 0.26691287E-01-0.96838505E-05 0.15738629E-08-0.94663601E-13    2
-0.69764908E+03-0.46728785E+02 0.16152663E+01 0.21099438E-01 0.85366018E-04    3
-0.13261066E-06 0.55956604E-10 0.40756300E+04 0.20282210E+02                   4
A1C2H3            T12/94C   8H   8    0    0G   298.150  5000.000              1   
 0.16139277E+02 0.24210847E-01-0.72678359E-05 0.11392276E-08-0.72984881E-13    2
 0.10249251E+05-0.61169437E+02-0.10717708E+02 0.12666725E+00-0.17762493E-03    3
 0.14344049E-06-0.47616577E-10 0.16597133E+05 0.71526331E+02                   4
A1C2H3*                 H   7C   8    0    0G    300.00   3000.00 1000.00    0 1  
 1.15635990E+01 3.02108100E-02-1.15455930E-05 1.73023200E-09-5.23797650E-14    2
 4.04984920E+04-3.48829650E+01-3.88686850E+00 6.81689610E-02-3.48058750E-05    3
-5.64102540E-09 8.07147580E-12 4.49413590E+04 4.59431880E+01                   4
N-C8H7            T 2/99C   8H   7    0    0G   200.000  6000.000              1  
 1.80458471E+01 2.21498794E-02-8.05082743E-06 1.30961070E-09-7.88615885E-14    2
 3.87090843E+04-7.17917960E+01-8.85283632E-01 5.61565120E-02 1.16600084E-05    3
-6.99146159E-08 3.63590274E-11 4.45850990E+04 2.97497087E+01                   4
C7H7      TROE,JPC,1990 C   7H   7    0    0G   200.000  6000.000              1
 0.14043980E+02 0.23493873E-01-0.85375367E-05 0.13890841E-08-0.83614420E-13    2
 0.18564203E+05-0.51665589E+02 0.48111540E+00 0.38512832E-01 0.32861492E-04    3
-0.76972721E-07 0.35423068E-10 0.23307027E+05 0.23548820E+02                   4
A1C2H-   C6H4CCH  H6W/94C   8H   5    0    0G   300.000  3000.000              1   
 1.23595010E+01 2.54533570E-02-1.06065540E-05 1.89146030E-09-1.06306220E-13    2
 6.09304610E+04-4.09002080E+01-4.44958590E+00 7.69950670E-02-6.66170380E-05    3
 2.50386820E-08-1.97566010E-12 6.52259260E+04 4.44279480E+01                   4
A2 NAPHTHALENE    T 7/98C  10H   8    0    0G   200.000  6000.000              1   
 1.86129884E+01 3.04494175E-02-1.11224825E-05 1.81615474E-09-1.09601281E-13    2
 8.91578988E+03-8.00230396E+01-1.04919475E+00 4.62970781E-02 7.07591636E-05    3
-1.38408111E-07 6.20475407E-11 1.59848987E+04 3.02121626E+01                   4
A2-   NAPHTYL RAD T 7/98C  10H   7    0    0G   200.000  6000.000              1  
 1.83535073E+01 2.77474314E-02-1.00885968E-05 1.64229575E-09-9.89002001E-14    2
 3.89261241E+04-7.48978150E+01-1.89559772E+00 5.83077290E-02 2.79388931E-05    3
-9.14375172E-08 4.46422302E-11 4.55409775E+04 3.52453263E+01                   4
INDENE            T 9/96C   9H   8    0    0G   200.000  6000.000              1  
 0.17318671E+02 0.28982768E-01-0.10605059E-04 0.17334553E-08-0.10467919E-12    2
 0.11151429E+05-0.71555323E+02-0.68190289E+00 0.41658733E-01 0.70741234E-04    3
-0.13430875E-06 0.59915845E-10 0.17705036E+05 0.29781396E+02                   4
INDENYL           T 9/96C   9H   7    0    0G   200.000  6000.000              1  
 0.18554959E+02 0.25035076E-01-0.91457509E-05 0.14934838E-08-0.90133030E-13    2
 0.25721156E+05-0.76300347E+02-0.26698729E+01 0.62177216E-01 0.15067018E-04    3
-0.79645699E-07 0.40918972E-10 0.32386969E+05 0.37861193E+02                   4
P2                L12/84C  12H  10    0    0G   300.000  5000.000              1
 0.24289017E 02 0.34006648E-01-0.11722408E-04 0.17729298E-08-0.96812532E-13    2
 0.10287000E 05-0.10802374E 03-0.40739527E 01 0.86973310E-01-0.42353613E-05    3
-0.64564460E-07 0.34150169E-10 0.19405965E 05 0.44741348E 02                   4
P2-                     H   9C  12    0    0G   300.00  5000.00  1000.00     0 1  
 0.23851303E 02 0.31960227E-01-0.11076719E-04 0.16847825E-08-0.92641173E-13    2
 0.40171297E 05-0.10270549E 03-0.31376228E 01 0.82217276E-01-0.40171444E-05    3
-0.60809782E-07 0.32074482E-10 0.48868754E 05 0.42730362E 02                   4
A2C2H*                  H   7C  12    0    0G   300.00   3000.00 1000.00     0 1  
 1.33715110E+01 4.99657190E-02-2.62269020E-05 6.59494350E-09-6.45885050E-13    2
 6.84904150E+04-4.64872350E+01-6.25389030E+00 1.14753010E-01-1.05430910E-04    3
 4.79127480E-08-7.92157250E-12 7.32491920E+04 5.19412620E+01                   4
A2R5  ACENAPHTH   T12/00C  12H   8    0    0G   300.000  5000.000              1  
 1.93183637E+01 3.90205238E-02-1.63352587E-05 3.10041991E-09-2.19199281E-13    2
 2.15445149E+04-8.32372261E+01-2.81264181E+00 7.04681002E-02 3.15341955E-05    3
-1.05176189E-07 5.08713845E-11 2.88462829E+04 3.75755975E+01                   4
A2C2H  C10H7-CCH  T 7/98C  12H   8    0    0G   200.000  6000.000              1  
 2.34108373E+01 3.12979308E-02-1.13777419E-05 1.85217551E-09-1.11546889E-13    2
 3.49196941E+04-1.00594596E+02-2.59169367E+00 8.63306190E-02-1.76590976E-05    3
-5.26006488E-08 3.15924760E-11 4.27720678E+04 3.73574503E+01                   4
A2R5-                   H   7C  12    0    0G   300.00   3000.00 1000.00     0 1  
 1.19534280E+01 5.23860720E-02-2.76952570E-05 6.98583910E-09-6.84938560E-13    2
 5.31995200E+04-4.03924920E+01-7.33802680E+00 1.11965800E-01-9.32829450E-05    3
 3.58663420E-08-4.26602220E-12 5.80597670E+04 5.73507140E+01                   4
A3     PHENANTHRE T 1/94C  14H  10    0    0G   200.000  6000.000              1  
 0.26602474E+02 0.39769744E-01-0.14572026E-04 0.23843296E-08-0.14409548E-12    2
 0.12132838E+05-0.12266672E+03-0.33646717E+01 0.85073271E-01 0.37531110E-04    3
-0.12664499E-06 0.61445705E-10 0.22019878E+05 0.40596218E+02                   4
A3-   4-PHENANTR  T11/07C  14H   9    0    0G   298.150  5000.000              1 
 2.68173412E+01 3.76935761E-02-1.45586251E-05 2.58486800E-09-1.73198001E-13    2
 4.14405846E+04-1.21547559E+02-1.08929968E+01 1.41537035E-01-1.14205532E-04    3
 3.57710437E-08 0.00000000E+00 5.21136455E+04 7.37137024E+01                   4
A4      PYRENE    T10/96C  16H  10    0    0G   200.000  6000.000              1  
 0.29910014E+02 0.42668069E-01-0.15733834E-04 0.25851725E-08-0.15667980E-12    2
 0.12786491E+05-0.14186953E+03-0.40420321E+01 0.91549657E-01 0.51443344E-04    3
-0.15276576E-06 0.73087530E-10 0.24094241E+05 0.43665312E+02                   4
A4-        4/25/97 THERMC  16H   9    0    0G   300.000  5000.000 1370.000     1  
 3.52580112E+01 3.37799342E-02-1.20577497E-05 1.92626216E-09-1.14006421E-13    2
 4.10224476E+04-1.72843003E+02-2.70728686E+00 1.13309510E-01-7.24420479E-05    3
 2.13864176E-08-2.29813560E-12 5.51266878E+04 3.43198885E+01                   4
C18H12 CHR 4/19/97 THERMC  18H  12    0    0G   300.000  5000.000 1673.000     1  
 3.31662137E+01 5.08795514E-02-1.87182202E-05 3.06104765E-09-1.84366391E-13    2
 1.57642287E+04-1.59238481E+02 3.12629742E+00 1.06385095E-01-4.82700462E-05    3
 5.22816930E-09 1.05961625E-12 2.69644034E+04 6.40602579E+00                   4
C18H11     4/19/97 THERMC  18H  11    0    0G   300.000  5000.000 1553.000     1  
 3.80927732E+01 4.14888957E-02-1.46997248E-05 2.33682189E-09-1.37836631E-13    2
 4.31156376E+04-1.86409947E+02 7.63557478E+00 8.20163654E-02-1.33888864E-05    3
-1.71944312E-08 6.31097097E-12 5.66581749E+04-1.21249371E+01                   4
A3C2H                   H  10C  16    0    0G    300.00   3000.00 1000.00    0 1  
 5.21651460E+01-1.31973180E-02 3.43530560E-05-1.62838920E-08 2.36773620E-12    2
 3.42350550E+04-2.54066510E+02-1.16026740E+01 1.68243940E-01-1.64320300E-04    3
 8.63943800E-08-1.93105670E-11 5.21728360E+04 7.55153660E+01                   4
A3C2H*                  H   9C  16    0    0G    300.00   3000.00 1000.00    0 1  
 4.42042910E+01 1.00322200E-02 5.84986920E-06-3.10823390E-09 3.90443000E-13    2
 6.74150930E+04-2.11916320E+02-1.05579250E+01 1.69544630E-01-1.86994930E-04    3
 1.20985220E-07-3.56159160E-11 8.28806100E+04 7.09147620E+01                   4
C4H               T12/91C   4H   1    0    0G   200.000  6000.000              1  
 0.77680939E+01 0.49850386E-02-0.17648839E-05 0.28217408E-09-0.16779623E-13    2
 0.93912126E+05-0.14159577E+02 0.13210657E+01 0.38562824E-01-0.71343174E-04    3
 0.65319977E-07-0.22607050E-10 0.95021629E+05 0.15554575E+02                   4
C4                      C   4    0    0    0G    200.00   6000.00 1000.00    0 1  
 5.63077100E+00 4.83138180E-03-1.50416810E-06 2.02894600E-10-1.00360920E-14    2
 1.22500940E+05-2.98873090E+00 3.32277500E+00 2.02592340E-02-3.73452130E-05    3
 3.56859090E-08-1.27718610E-11 1.22723640E+05 6.80979580E+00                   4
C6H2              T 3/92C   6H   2    0    0G   200.000  6000.000              1  
 0.12532801E+02 0.87766321E-02-0.31329616E-05 0.50371820E-09-0.30071921E-13    2
 0.79784338E+05-0.38858580E+02-0.54109216E+00 0.74532628E-01-0.13578252E-03    3
 0.12226630E-06-0.41825207E-10 0.82115132E+05 0.21882710E+02                   4
C8H2              T 2/92C   8H   2    0    0G   298.150  5000.000              1  
 0.17007524E+02 0.93656848E-02-0.30485718E-05 0.47653534E-09-0.29169032E-13    2
 0.10628021E+06-0.59224564E+02 0.12470437E+01 0.78392526E-01-0.12416148E-03    3
 0.98381697E-07-0.30063943E-10 0.10942891E+06 0.16048227E+02                   4
C6H               T 3/92C   6H   1    0    0G   200.000  6000.000              1  
 0.11361786E+02 0.75157820E-02-0.27216114E-05 0.43917513E-09-0.26217995E-13    2
 0.12080112E+06-0.29989833E+02 0.10110111E+01 0.59781961E-01-0.10773934E-03    3
 0.96196601E-07-0.32681317E-10 0.12261638E+06 0.17998104E+02                   4
C8H               T 2/92C   8H   1    0    0G   298.150  5000.000              1  
 0.17422244E+02 0.66413688E-02-0.22557166E-05 0.36657347E-09-0.23188722E-13    2
 0.13376514E+06-0.59275082E+02 0.34566807E+01 0.65220393E-01-0.98141367E-04    3
 0.72046762E-07-0.20447036E-10 0.13656779E+06 0.77719815E+01                   4
A4C2H      5/ 2/97 THERMC  18H  10    0    0G   300.000  5000.000 1380.000     1  
 4.00549856E+01 3.70780570E-02-1.31321889E-05 2.08714093E-09-1.23089687E-13    2
 3.54491810E+04-1.96221074E+02-1.66684897E+00 1.29146981E-01-8.88321137E-05    3
 2.96510612E-08-3.87600847E-12 5.04370421E+04 2.97034755E+01                   4
A4C2H*     5/ 2/97 THERMC  18H   9    0    0G   300.000  5000.000 1376.000     1  
 3.95503456E+01 3.50980873E-02-1.24815028E-05 1.98905158E-09-1.17522532E-13    2
 6.60214976E+04-1.91256136E+02-4.46464976E-01 1.21677939E-01-8.16502810E-05    3
 2.61409743E-08-3.21316409E-12 8.05697723E+04 2.59457844E+01                   4
BAPYR*S  4/24/97 THERM  H  11C  20    0    0G    300.00   5000.00 1367.00    0 1  
 4.42864852E+01 4.17445643E-02-1.48863371E-05 2.37663494E-09-1.40600809E-13    2
 4.29850608E+04-2.21959150E+02-3.62587203E-01 1.30524557E-01-7.53627823E-05    3
 1.75825498E-08-8.69471980E-13 5.99859990E+04 2.32559064E+01                   4
BGHIF  4/24/97 THERM    H  10C  18    0    0G    300.00   5000.00 1397.00    0 1  
 4.03484789E+01 3.60369349E-02-1.25974449E-05 1.98535622E-09-1.16421390E-13    2
 2.33917123E+04-2.03794640E+02-1.35024568E+01 1.75273343E-01-1.52006334E-04    3
 6.58323068E-08-1.13175755E-11 4.05739002E+04 8.03624456E+01                   4
BAPYR  4/24/97 THERM    H  12C  20    0    0G    300.00   5000.00 1373.00    0 1  
 4.46587811E+01 4.38683433E-02-1.55934247E-05 2.48422256E-09-1.46748672E-13    2
 1.24605731E+04-2.25482194E+02-2.08146408E+00 1.40317388E-01-8.64400516E-05    3
 2.37333999E-08-2.15247872E-12 2.99280993E+04 3.00065203E+01                   4
A2CH3 C10H7-CH3   T 7/98C  11H  10    0    0G   200.000  6000.000              1  
 2.17939213E+01 3.60214098E-02-1.33228698E-05 2.19304403E-09-1.33071380E-13    2
 3.16261439E+03-9.48675403E+01-1.03043715E+00 6.03358177E-02 5.45655719E-05    3
-1.22769251E-07 5.54507327E-11 1.13241014E+04 3.22970611E+01                   4
A2CH2 C10H7-CH2*  T 7/98C  11H   9    0    0G   200.000  6000.000              1  
 2.18977539E+01 3.26102636E-02-1.18401218E-05 1.92574628E-09-1.15903442E-13    2
 2.24571098E+04-9.41050741E+01-2.53234304E+00 7.32920338E-02 2.02974707E-05    3
-9.36547823E-08 4.70753594E-11 3.02906705E+04 3.79638513E+01                   4
A3CH3      5/ 3/97 THERMC  15H  12    0    0G   300.000  5000.000 2025.000     1 
 2.86721901E+01 4.57935671E-02-1.67466881E-05 2.72794395E-09-1.63863026E-13    2 
 6.77859249E+03-1.31269124E+02 2.45407326E-01 1.03437006E-01-5.52427842E-05    3
 1.17708807E-08-4.92994185E-13 1.69368456E+04 2.37077261E+01                   4
A3CH2      5/ 3/97 THERMC  15H  11    0    0G   300.000  5000.000 2030.000     1  
 2.95619587E+01 4.24589619E-02-1.55841596E-05 2.54481062E-09-1.53124916E-13    2
 2.56273028E+04-1.36219923E+02 1.33783643E-01 1.04067922E-01-5.92362501E-05    3
 1.43179766E-08-9.91637313E-13 3.59458944E+04 2.35063505E+01                   4
HE REF ELEMENT    L10/90HE  1    0    0    0G   200.000  6000.000 1000.        1   
 2.50000000E+00 0.00000000E+00 0.00000000E+00 0.00000000E+00 0.00000000E+00    2
-7.45375000E+02 9.28723974E-01 2.50000000E+00 0.00000000E+00 0.00000000E+00    3
 0.00000000E+00 0.00000000E+00-7.45375000E+02 9.28723974E-01                   4
C(S)              P 4/83C   1    0    0    0C   200.000  5000.000  1000.00     1
 0.14556924E+01 0.17170638E-02-0.69758410E-06 0.13528316E-09-0.96764905E-14    2
-0.69512804E+03-0.85256842E+01-0.31087207E+00 0.44035369E-02 0.19039412E-05    3
-0.63854697E-08 0.29896425E-11-0.10865079E+03 0.11138295E+01                   4
NOX               121286N   1O   1          G  0300.00   5000.00   1000.00     1
 0.03245435E+02 0.01269138E-01-0.05015890E-05 0.09169283E-09-0.06275419E-13    2
 0.09800840E+05 0.06417294E+02 0.03376542E+02 0.01253063E-01-0.03302751E-04    3
 0.05217810E-07-0.02446263E-10 0.09817961E+05 0.05829590E+02                   4
NC6KET13          000000H  12O   3C   6     G     300.0    5000.0  1000.0      1
   1.15530982E1  5.22579661E-2 -2.36066728E-5  3.90968916E-9          0.0E0    2
  -4.80721931E4  -2.19987916E1   2.36496601E0  8.28625471E-2 -6.12300153E-5    3
    2.409516E-8-3.97857713E-12  -4.58958895E4   2.39438215E1                   4
C5H8              000000H   8C   5          G     300.0    5000.0  1000.0      1
   8.01716572E0   2.8856678E-2 -1.18753675E-5  1.81058338E-9          0.0E0    2
   4.13677173E3  -1.73580233E1  -2.32617433E0  6.38696042E-2 -5.57052591E-5    3
   2.5804948E-8-4.83405924E-12   6.55183321E3   3.42036513E1                   4
NC4H9CHO          000000H  10O   1C   5     G     300.0    5000.0  1000.0      1
   4.99358295E0   4.3688509E-2 -1.98947553E-5  3.35222081E-9          0.0E0    2
  -3.08293369E4   4.95995633E0   1.59663472E0  5.43541416E-2 -3.21020651E-5    3
  9.35773559E-9-1.06688932E-12  -2.99841025E4   2.21281498E1                   4
C3H7CO            -THERMH   7O   1C   4     G     300.0    5000.0  1380.0      1
   1.30026331E1  1.63104877E-2 -5.57642899E-6 8.65670629E-10-5.02255667E-14    2
  -1.25523385E4  -4.02608515E1   2.67256826E0  3.71198825E-2 -2.06862859E-5    3
  5.48873888E-9-5.35864183E-13  -8.58050888E3    1.6484895E1                   4
CH3O2H            -THERMH   4O   2C   1     G     300.0    5000.0  1390.0      1
   8.43117091E0  8.06817909E-3 -2.77094921E-6 4.31332243E-10-2.50692146E-14    2
  -1.96678771E4  -1.91170629E1   3.23442817E0  1.90129767E-2 -1.13386287E-5    3
  3.40306653E-9-4.11830222E-13  -1.77197926E4   9.25623949E0                   4
END
